9.81015e-09
9.75295e-09
1.63198e-08
2.54106e-08
2.10444e-08
1.09298e-08
1.23366e-08
9.46175e-09
1.03513e-08
1.75106e-08
1.20498e-08
1.45142e-08
9.25246e-09
1.28367e-08
1.84822e-08
8.64275e-09
1.37114e-08
8.09104e-09
6.62745e-09
1.88717e-08
1.08527e-08
2.62393e-08
7.30993e-09
2.03826e-08
2.78278e-08
2.32788e-08
2.04443e-08
2.09311e-08
1.73017e-08
9.8244e-09
2.34047e-08
2.42039e-08
1.62339e-08
2.05262e-08
1.40241e-08
2.58093e-08
2.01687e-08
1.2073e-08
1.40937e-08
2.67566e-08
1.10949e-08
6.99706e-09
1.82e-08
1.68926e-08
1.87079e-08
1.06576e-08
1.60083e-08
1.25055e-08
2.43594e-08
2.40996e-08
1.74946e-08
1.49041e-08
1.91367e-08
1.44853e-08
1.35161e-08
2.17504e-08
1.3609e-08
1.5348e-08
1.60867e-08
8.91365e-09
3.87311e-08
1.14791e-08
1.54208e-08
9.17655e-09
1.37927e-08
6.64852e-09
2.16731e-08
1.17679e-08
1.34123e-08
2.09445e-08
1.3813e-08
1.7245e-08
3.74307e-08
1.99456e-08
2.51505e-08
2.63775e-08
1.31808e-08
2.78881e-08
1.4639e-08
1.49041e-08
2.57007e-08
1.41828e-08
1.95989e-08
1.24719e-08
1.85049e-08
2.0601e-08
2.4474e-08
2.82915e-08
2.5394e-08
1.10063e-08
1.63711e-08
2.42904e-08
2.32908e-08
1.48665e-08
1.11703e-08
2.22213e-08
1.69752e-08
3.25366e-08
1.99876e-08
1.99596e-08
2.09778e-08
1.0119e-08
5.28928e-10
2.12231e-08
1.45431e-08
1.10823e-08
1.75903e-08
1.93402e-08
2.87816e-08
1.69339e-08
2.14917e-08
1.08913e-08
1.98612e-08
2.62073e-08
1.59995e-08
2.15566e-08
1.22112e-08
1.16364e-08
2.27008e-08
8.09104e-09
2.34703e-08
1.38736e-08
1.27602e-08
1.78978e-08
2.47863e-08
1.73017e-08
1.90341e-08
2.12099e-08
1.68179e-08
2.34644e-08
1.4034e-08
2.02103e-08
1.62855e-08
1.77723e-08
2.35299e-08
2.92301e-08
2.00575e-08
9.76728e-09
1.78665e-08
1.96915e-08
1.365e-08
1.85276e-08
9.13071e-09
1.46676e-08
1.80844e-08
1.32549e-08
2.36189e-08
6.12278e-09
2.55149e-08
1.56459e-08
2.35714e-08
1.01604e-08
2.04785e-08
5.28928e-10
1.49229e-08
1.23593e-08
1.38636e-08
2.4854e-08
8.51229e-09
2.38252e-08
1.56548e-08
1.71881e-08
1.46294e-08
1.97694e-08
1.86929e-08
1.99245e-08
1.4034e-08
2.20062e-08
1.03243e-08
1.81384e-08
1.34954e-08
2.14265e-08
1.31489e-08
1.481e-08
2.12955e-08
2.74227e-08
1.53935e-08
1.11326e-08
1.51554e-08
9.23733e-09
8.86644e-09
1.99456e-08
2.15696e-08
1.77092e-08
1.46867e-08
2.00016e-08
2.53334e-08
6.34713e-09
2.41807e-08
2.46392e-08
9.46175e-09
1.74386e-08
6.99706e-09
1.41828e-08
1.1057e-08
2.21708e-08
9.25246e-09
2.33149e-08
2.30372e-08
2.44626e-08
2.54271e-08
2.18787e-08
2.0458e-08
1.80921e-08
1.30314e-08
1.78351e-08
1.58766e-08
1.81616e-08
2.48933e-08
2.12824e-08
2.12495e-08
2.21582e-08
1.31914e-08
9.68097e-09
9.5207e-09
1.88346e-08
1.4034e-08
2.18787e-08
2.12495e-08
2.267e-08
2.48033e-08
2.33089e-08
2.38546e-08
1.58325e-08
1.90193e-08
1.81616e-08
1.83607e-08
2.28788e-08
2.21835e-08
1.1552e-08
2.24467e-08
1.852e-08
2.09244e-08
2.90718e-08
8.67506e-09
1.73421e-08
1.0801e-08
1.71065e-08
1.88494e-08
1.17798e-08
2.03483e-08
1.84747e-08
2.934e-08
1.4281e-08
1.84292e-08
1.77802e-08
2.08709e-08
1.50907e-08
1.24045e-08
1.84822e-08
1.06969e-08
1.77092e-08
2.18211e-08
8.39647e-09
9.83862e-09
1.48289e-08
2.13218e-08
1.28694e-08
1.35575e-08
1.66171e-08
1.48477e-08
1.70492e-08
1.64903e-08
2.94114e-08
9.68097e-09
1.56638e-08
2.78127e-08
1.55382e-08
1.88643e-08
2.11703e-08
2.36662e-08
2.00853e-08
1.94268e-08
6.5851e-09
1.64564e-08
1.98612e-08
1.38434e-08
1.80069e-08
9.41729e-09
1.7334e-08
9.81015e-09
1.90708e-08
7.25229e-09
1.95059e-08
1.41235e-08
1.07621e-08
2.20125e-08
1.66927e-08
2.33029e-08
1.82614e-08
1.336e-08
1.39941e-08
2.03689e-08
1.71311e-08
1.73823e-08
1.25613e-08
1.41334e-08
1.92387e-08
1.35987e-08
1.90561e-08
8.73932e-09
1.35884e-08
3.03616e-08
1.54298e-08
2.1917e-08
8.4463e-09
2.39949e-08
2.15047e-08
1.74946e-08
1.41036e-08
1.8177e-08
2.31704e-08
2.47751e-08
2.13086e-08
2.31583e-08
2.9568e-08
1.85427e-08
1.86855e-08
1.80921e-08
9.76728e-09
2.55259e-08
3.0449e-08
2.42385e-09
2.72077e-08
1.02153e-08
1.72369e-08
1.95131e-08
1.89825e-08
1.76142e-08
2.21456e-08
1.35472e-08
2.41402e-08
9.10002e-09
1.37012e-08
3.12918e-09
1.54026e-08
1.89013e-08
1.90561e-08
1.47247e-08
2.00016e-08
2.38604e-08
2.41807e-08
1.33705e-08
1.88568e-08
1.68013e-08
2.60628e-08
1.98542e-08
1.32126e-08
3.52958e-08
2.44282e-08
1.35058e-08
9.60845e-09
2.02794e-08
2.07836e-08
1.08398e-08
1.33705e-08
2.04716e-08
1.01328e-08
3.38679e-09
1.64479e-08
1.8663e-08
1.06313e-08
3.67138e-08
3.62537e-08
1.14302e-08
6.97704e-09
1.79991e-08
1.20266e-08
1.10823e-08
1.52107e-08
2.33149e-08
1.99946e-08
1.36807e-08
3.17224e-08
1.16724e-08
1.55382e-08
1.69174e-08
8.62655e-09
1.24831e-08
2.81676e-08
1.44853e-08
1.21998e-08
1.11828e-08
2.40182e-08
2.19234e-08
2.13873e-08
1.93185e-08
1.95417e-08
9.623e-09
1.75665e-08
1.83073e-08
1.46007e-08
2.87086e-08
1.09808e-08
1.22684e-08
1.8177e-08
1.73662e-08
1.33181e-08
2.78278e-08
2.03276e-08
1.47152e-08
1.43104e-08
1.69257e-08
1.92096e-08
1.66507e-08
1.86929e-08
2.32908e-08
1.38029e-08
1.58502e-08
2.21013e-08
2.41923e-08
2.2891e-08
1.36807e-08
2.041e-08
1.66927e-08
2.34942e-08
2.19234e-08
1.55292e-08
1.93692e-08
2.2707e-08
2.06078e-08
1.2956e-09
1.38736e-08
9.93765e-09
2.36603e-08
2.69909e-08
2.5793e-08
1.04589e-08
2.64834e-08
1.17203e-08
2.34107e-08
1.42713e-08
1.83455e-08
1.66507e-08
2.0844e-08
1.84443e-08
9.06922e-09
6.1683e-09
1.17679e-08
2.35536e-08
2.14721e-08
1.84216e-08
8.00413e-09
1.00357e-08
7.60994e-09
1.08527e-08
1.91293e-08
2.81576e-08
1.99315e-08
1.60693e-08
1.48571e-08
6.64852e-09
1.48853e-08
2.03963e-08
1.94196e-08
1.00496e-08
1.74065e-08
1.6078e-08
1.67596e-08
9.72422e-09
1.10443e-08
1.37012e-08
1.62855e-08
1.16364e-08
1.27492e-08
9.66651e-09
7.48017e-10
8.05639e-09
9.1613e-10
1.2956e-09
