3.70249e-09
6.39106e-09
6.77358e-09
3.38679e-09
7.98663e-09
5.54744e-09
3.42784e-09
2.94494e-09
6.71134e-09
6.43468e-09
4.42533e-09
3.7773e-09
4.42533e-09
3.70249e-09
5.01785e-09
4.29703e-09
4.96178e-09
4.70121e-09
3.12918e-09
5.28928e-09
5.18241e-09
3.26053e-09
3.54816e-09
5.44564e-09
4.42533e-09
5.39403e-09
3.95813e-09
4.67136e-09
5.39403e-09
4.70121e-09
5.26276e-09
4.19823e-09
6.41291e-09
4.51916e-09
7.48017e-09
4.58065e-09
4.55001e-09
3.88681e-09
7.60994e-09
3.70249e-09
5.81821e-09
8.27903e-09
5.74563e-09
5.47127e-09
5.15535e-09
4.3936e-09
7.46144e-09
3.66452e-09
5.15535e-09
5.9372e-09
7.3481e-09
4.70121e-09
5.23612e-09
5.69673e-09
6.34713e-09
4.16478e-09
5.9372e-09
5.28928e-09
4.61109e-09
4.51916e-09
3.99332e-09
6.54247e-09
5.20933e-09
4.09706e-09
5.28928e-10
4.3936e-09
3.58736e-09
3.66452e-09
9.44695e-09
3.81415e-09
7.11599e-09
5.34191e-09
3.88681e-09
5.62258e-09
6.28067e-09
6.52106e-09
7.07657e-09
4.90507e-09
5.0733e-09
3.50851e-09
3.70249e-09
4.64132e-09
4.61109e-09
6.81476e-09
5.04565e-09
6.09989e-09
5.01785e-09
5.4199e-09
3.74008e-09
6.39106e-09
8.00413e-09
6.73215e-09
5.04565e-09
4.93351e-09
5.28928e-09
5.62258e-09
5.54744e-09
7.09631e-09
6.91663e-09
4.93351e-09
5.72123e-09
5.67212e-09
2.69701e-09
3.99332e-09
4.70121e-09
4.16478e-09
6.23597e-09
5.81821e-09
6.21349e-09
1.49603e-09
3.74008e-09
5.72123e-09
4.93351e-09
6.5851e-09
2.84836e-09
5.52217e-09
4.26435e-09
5.39403e-09
4.98989e-09
5.10079e-09
7.29077e-09
6.47802e-09
4.09706e-09
4.51916e-09
4.26435e-09
7.71945e-09
6.41291e-09
4.98989e-09
6.56382e-09
6.12278e-09
3.46841e-09
4.8477e-09
5.39403e-09
5.91359e-09
6.21349e-09
4.09706e-09
4.87647e-09
6.28067e-09
6.00746e-09
1.08527e-08
4.90507e-09
4.09706e-09
4.73087e-09
6.0307e-09
5.34191e-09
6.25836e-09
4.73087e-09
7.93392e-09
7.07657e-09
5.6474e-09
4.32946e-09
5.79411e-09
6.1683e-09
6.14558e-09
4.36165e-09
4.96178e-09
7.23298e-09
5.47127e-09
5.49678e-09
5.96071e-09
4.06277e-09
4.42533e-09
6.71134e-09
4.42533e-09
5.0733e-09
5.44564e-09
5.54744e-09
8.39647e-09
5.67212e-09
6.62745e-09
5.12814e-09
1.02016e-08
5.74563e-09
5.4199e-09
3.85065e-09
5.5726e-09
5.20933e-09
5.28928e-10
5.67212e-09
9.00731e-09
5.8422e-09
7.59154e-09
5.15535e-09
3.58736e-09
6.99706e-09
5.26276e-09
4.81876e-09
3.88681e-09
6.99706e-09
7.51748e-09
4.78964e-09
6.1683e-09
6.23597e-09
7.09631e-09
5.0733e-09
5.34191e-09
7.64662e-09
7.21361e-09
4.13106e-09
3.99332e-09
8.1599e-09
4.3936e-09
6.05385e-09
4.16478e-09
6.43468e-09
6.43468e-09
6.71134e-09
6.69047e-09
5.18241e-09
4.3936e-09
4.98989e-09
7.17472e-09
7.38607e-09
6.1683e-09
3.54816e-09
3.58736e-09
5.0733e-09
4.61109e-09
4.73087e-09
6.05385e-09
4.58065e-09
4.09706e-09
6.7942e-09
6.49957e-09
7.01702e-09
4.98989e-09
4.90507e-09
7.19419e-09
7.89858e-09
4.51916e-09
7.01702e-09
5.76992e-09
6.32506e-09
3.92263e-09
3.58736e-09
4.58065e-09
7.7556e-09
6.12278e-09
4.58065e-09
5.69673e-09
6.36913e-09
5.6474e-09
5.34191e-09
7.7556e-09
4.02819e-09
6.12278e-09
5.12814e-09
3.54816e-09
3.50851e-09
4.26435e-09
6.7529e-09
3.54816e-09
6.05385e-09
3.46841e-09
5.98413e-09
6.97704e-09
4.45682e-09
7.6283e-09
4.29703e-09
8.1599e-09
5.20933e-09
6.81476e-09
5.12814e-09
6.21349e-09
5.62258e-09
3.85065e-09
5.28928e-10
1.2956e-09
1.39941e-09
4.8477e-09
5.26276e-09
8.03901e-09
5.10079e-09
4.67136e-09
6.14558e-09
3.99332e-09
5.47127e-09
4.45682e-09
4.23142e-09
5.72123e-09
6.43468e-09
5.31566e-09
6.28067e-09
4.4881e-09
5.47127e-09
4.42533e-09
4.81876e-09
5.62258e-09
6.36913e-09
4.8477e-09
4.26435e-09
5.01785e-09
6.39106e-09
4.73087e-09
4.02819e-09
6.3029e-09
6.05385e-09
6.64852e-09
4.32946e-09
3.38679e-09
8.26212e-09
4.16478e-09
7.11599e-09
5.69673e-09
6.00746e-09
5.28928e-09
3.42784e-09
5.04565e-09
7.36711e-09
5.9372e-09
7.01702e-09
6.21349e-09
6.19094e-09
4.81876e-09
4.32946e-09
4.61109e-09
3.50851e-09
5.18241e-09
3.99332e-09
5.31566e-09
4.06277e-09
5.8422e-09
6.3029e-09
6.19094e-09
6.83525e-09
5.69673e-09
4.70121e-09
4.55001e-09
5.04565e-09
7.86308e-09
5.31566e-09
4.67136e-09
5.98413e-09
7.11599e-09
4.51916e-09
4.29703e-09
3.7773e-09
6.69047e-09
7.05678e-09
5.59764e-09
4.67136e-09
5.28928e-10
6.14558e-09
6.83525e-09
5.8422e-09
5.36803e-09
5.47127e-09
6.32506e-09
7.17472e-09
6.23597e-09
7.19419e-09
4.13106e-09
4.13106e-09
4.26435e-09
5.69673e-09
4.90507e-09
4.67136e-09
4.29703e-09
5.62258e-09
5.28928e-09
3.58736e-09
3.70249e-09
9.1613e-10
7.32904e-09
2.36544e-09
4.4881e-09
6.1683e-09
4.73087e-09
3.70249e-09
5.31566e-09
6.52106e-09
4.19823e-09
1.18272e-09
5.12814e-09
6.0307e-09
6.32506e-09
7.79159e-09
6.14558e-09
4.02819e-09
8.14274e-09
4.02819e-09
7.29077e-09
5.26276e-09
4.55001e-09
5.47127e-09
5.12814e-09
1.2956e-09
5.20933e-09
4.13106e-09
5.34191e-09
6.73215e-09
7.23298e-09
6.62745e-09
3.7773e-09
4.87647e-09
5.5726e-09
5.49678e-09
5.5726e-09
3.7773e-09
4.23142e-09
4.87647e-09
3.88681e-09
5.20933e-09
9.49127e-09
5.49678e-09
2.04853e-09
5.34191e-09
4.3936e-09
2.89706e-09
5.79411e-09
6.14558e-09
5.20933e-09
6.54247e-09
7.30993e-09
5.04565e-09
3.92263e-09
3.66452e-09
6.99706e-09
3.62615e-09
6.09989e-09
5.5726e-09
6.73215e-09
4.13106e-09
6.77358e-09
3.74008e-09
4.42533e-09
5.69673e-09
6.71134e-09
3.95813e-09
4.09706e-09
4.23142e-09
4.8477e-09
4.23142e-09
3.70249e-09
6.85569e-09
6.5851e-09
5.6474e-09
5.31566e-09
5.20933e-09
4.81876e-09
5.98413e-09
4.87647e-09
4.32946e-09
4.93351e-09
5.01785e-09
1.03513e-08
5.67212e-09
6.99706e-09
7.3481e-09
7.9691e-09
4.55001e-09
4.3936e-09
5.67212e-09
3.08415e-09
4.73087e-09
2.64464e-09
4.32946e-09
8.03901e-09
6.14558e-09
4.45682e-09
3.38679e-09
5.28928e-10
5.26276e-09
4.76035e-09
4.93351e-09
1.83226e-09
6.07692e-09
6.71134e-09
6.52106e-09
8.89794e-09
8.10831e-09
4.58065e-09
4.73087e-09
6.32506e-09
5.28928e-10
5.59764e-09
5.28928e-10
5.20933e-09
2.18082e-09
7.17472e-09
5.76992e-09
1.83226e-09
4.29703e-09
5.20933e-09
6.14558e-09
2.74839e-09
8.51229e-09
4.73087e-09
4.55001e-09
4.73087e-09
5.15535e-09
5.72123e-09
6.41291e-09
4.23142e-09
4.51916e-09
3.30315e-09
6.34713e-09
3.58736e-09
5.36803e-09
3.46841e-09
6.7529e-09
6.95696e-09
4.81876e-09
5.12814e-09
1.58678e-09
4.13106e-09
4.93351e-09
5.0733e-09
5.6474e-09
5.4199e-09
6.62745e-09
7.07657e-09
5.34191e-09
4.19823e-09
3.62615e-09
4.29703e-09
8.42972e-09
6.62745e-09
5.01785e-09
7.95153e-09
6.28067e-09
4.61109e-09
8.29591e-09
3.50851e-09
5.76992e-09
5.28928e-09
3.03846e-09
4.26435e-09
7.95153e-09
1.05786e-09
2.18082e-09
6.25836e-09
6.0307e-09
5.28928e-10
4.42533e-09
7.7013e-09
8.7233e-09
5.47127e-09
5.49678e-09
6.36913e-09
5.28928e-10
7.42385e-09
3.81415e-09
5.88989e-09
5.39403e-09
4.98989e-09
7.38607e-09
4.87647e-09
5.4199e-09
5.69673e-09
5.62258e-09
4.58065e-09
5.52217e-09
9.17655e-09
5.9372e-09
3.81415e-09
4.3936e-09
3.30315e-09
3.95813e-09
7.11599e-09
5.69673e-09
5.91359e-09
4.98989e-09
6.39106e-09
5.10079e-09
5.26276e-09
6.12278e-09
5.01785e-09
9.14602e-09
3.99332e-09
4.06277e-09
6.71134e-09
4.76035e-09
5.67212e-09
2.24405e-09
4.70121e-09
6.19094e-09
5.44564e-09
7.09631e-09
5.01785e-09
7.48017e-10
5.52217e-09
5.59764e-09
6.60631e-09
5.5726e-09
2.36544e-09
4.96178e-09
6.12278e-09
4.78964e-09
1.00078e-08
4.51916e-09
7.77362e-09
4.42533e-09
7.03693e-09
5.44564e-09
4.06277e-09
6.52106e-09
5.52217e-09
5.47127e-09
4.93351e-09
4.23142e-09
5.88989e-09
3.7773e-09
4.42533e-09
4.78964e-09
4.90507e-09
5.67212e-09
2.36544e-09
5.04565e-09
6.12278e-09
3.95813e-09
7.29077e-09
9.37262e-09
4.29703e-09
5.79411e-09
7.36711e-09
4.36165e-09
5.26276e-09
7.49884e-09
3.38679e-09
5.34191e-09
6.89637e-09
6.39106e-09
6.77358e-09
4.78964e-09
4.61109e-09
4.73087e-09
5.28928e-10
3.46841e-09
3.12918e-09
5.49678e-09
9.08463e-09
3.95813e-09
5.44564e-09
6.3029e-09
8.37979e-09
3.62615e-09
4.58065e-09
3.88681e-09
4.55001e-09
3.58736e-09
4.16478e-09
4.45682e-09
4.8477e-09
8.03901e-09
6.99706e-09
4.4881e-09
5.91359e-09
5.18241e-09
6.85569e-09
5.04565e-09
6.5851e-09
5.6474e-09
6.71134e-09
6.56382e-09
5.88989e-09
3.88681e-09
8.03901e-09
9.1613e-10
7.25229e-09
3.81415e-09
5.49678e-09
5.28928e-10
5.26276e-09
4.78964e-09
5.91359e-09
9.38754e-09
5.5726e-09
5.36803e-09
3.92263e-09
6.43468e-09
5.44564e-09
4.58065e-09
7.95153e-09
6.83525e-09
5.59764e-09
6.3029e-09
5.6474e-09
8.59406e-09
4.78964e-09
7.27155e-09
4.3936e-09
4.19823e-09
6.7529e-09
3.95813e-09
5.79411e-09
5.01785e-09
4.29703e-09
7.1552e-09
6.73215e-09
4.93351e-09
4.29703e-09
7.03693e-09
5.81821e-09
5.76992e-09
4.73087e-09
4.70121e-09
5.62258e-09
8.21117e-09
4.3936e-09
7.91627e-09
3.50851e-09
4.61109e-09
3.92263e-09
3.99332e-09
6.3029e-09
7.48017e-10
9.38754e-09
5.34191e-09
6.1683e-09
6.66952e-09
8.19411e-09
5.76992e-09
5.28928e-09
3.95813e-09
5.47127e-09
6.60631e-09
4.13106e-09
6.1683e-09
4.13106e-09
6.34713e-09
7.17472e-09
6.43468e-09
4.36165e-09
5.12814e-09
5.54744e-09
6.12278e-09
6.87606e-09
4.09706e-09
5.20933e-09
6.45639e-09
4.61109e-09
4.64132e-09
6.39106e-09
7.71945e-09
4.70121e-09
5.96071e-09
5.15535e-09
7.21361e-09
8.56144e-09
5.9372e-09
6.47802e-09
4.09706e-09
4.42533e-09
4.55001e-09
4.98989e-09
6.64852e-09
4.96178e-09
4.90507e-09
3.85065e-09
8.62655e-09
3.85065e-09
4.96178e-09
5.98413e-09
4.98989e-09
2.04853e-09
3.54816e-09
5.54744e-09
5.5726e-09
6.91663e-09
5.74563e-09
4.78964e-09
5.72123e-09
4.23142e-09
6.0307e-09
5.28928e-09
4.76035e-09
6.05385e-09
5.5726e-09
4.64132e-09
3.58736e-09
6.07692e-09
5.54744e-09
5.36803e-09
5.6474e-09
4.81876e-09
5.86609e-09
5.28928e-10
4.96178e-09
5.44564e-09
5.28928e-10
5.44564e-09
4.58065e-09
5.28928e-10
5.04565e-09
4.45682e-09
3.7773e-09
4.42533e-09
4.3936e-09
5.69673e-09
5.04565e-09
7.17472e-09
5.4199e-09
5.62258e-09
8.10831e-09
6.12278e-09
4.16478e-09
5.28928e-10
7.95153e-09
4.23142e-09
5.98413e-09
7.98663e-09
5.79411e-09
4.06277e-09
5.23612e-09
4.4881e-09
3.95813e-09
4.93351e-09
6.07692e-09
5.36803e-09
4.93351e-09
8.1599e-09
5.28928e-09
5.28928e-09
4.93351e-09
6.91663e-09
6.43468e-09
4.45682e-09
5.96071e-09
4.96178e-09
5.12814e-09
4.51916e-09
7.38607e-09
5.12814e-09
4.90507e-09
6.19094e-09
4.36165e-09
5.86609e-09
5.9372e-09
5.5726e-09
7.29077e-09
4.64132e-09
5.28928e-09
5.20933e-09
5.62258e-09
3.7773e-09
6.54247e-09
7.49884e-09
4.73087e-09
5.28928e-10
9.08463e-09
7.60994e-09
5.20933e-09
5.69673e-09
5.72123e-09
3.58736e-09
6.32506e-09
5.5726e-09
4.23142e-09
5.39403e-09
6.71134e-09
3.92263e-09
4.51916e-09
5.18241e-09
5.12814e-09
5.04565e-09
5.23612e-09
4.8477e-09
8.4463e-09
3.88681e-09
7.40499e-09
4.67136e-09
4.67136e-09
6.69047e-09
6.1683e-09
6.54247e-09
4.81876e-09
3.74008e-09
8.34634e-09
4.26435e-09
6.97704e-09
6.71134e-09
4.76035e-09
5.28928e-09
5.39403e-09
5.81821e-09
6.21349e-09
3.85065e-09
6.00746e-09
7.95153e-09
5.28928e-10
4.87647e-09
4.51916e-09
4.61109e-09
7.05678e-09
3.62615e-09
5.4199e-09
4.64132e-09
6.81476e-09
1.49603e-09
8.59406e-09
3.95813e-09
4.61109e-09
4.13106e-09
5.36803e-09
6.00746e-09
4.64132e-09
5.49678e-09
4.67136e-09
6.21349e-09
4.3936e-09
5.98413e-09
3.50851e-09
4.45682e-09
6.64852e-09
8.7233e-09
7.11599e-09
4.96178e-09
7.1552e-09
5.26276e-09
4.36165e-09
5.20933e-09
5.67212e-09
4.90507e-09
7.40499e-09
6.28067e-09
5.59764e-09
7.7556e-09
4.81876e-09
6.14558e-09
7.07657e-09
8.29591e-09
7.53606e-09
8.10831e-09
6.34713e-09
4.73087e-09
6.73215e-09
4.45682e-09
6.05385e-09
4.64132e-09
4.67136e-09
5.01785e-09
5.91359e-09
6.23597e-09
4.26435e-09
5.04565e-09
6.64852e-09
7.60994e-09
7.59154e-09
8.47936e-09
4.70121e-09
4.67136e-09
5.10079e-09
4.29703e-09
5.9372e-09
4.78964e-09
6.25836e-09
7.03693e-09
6.21349e-09
3.85065e-09
4.32946e-09
3.85065e-09
4.78964e-09
5.5726e-09
5.91359e-09
6.12278e-09
4.55001e-09
5.96071e-09
4.90507e-09
6.0307e-09
3.58736e-09
4.32946e-09
7.86308e-09
8.36308e-09
9.19178e-09
4.81876e-09
6.0307e-09
4.32946e-09
8.05639e-09
3.58736e-09
7.40499e-09
3.88681e-09
4.02819e-09
7.32904e-09
3.95813e-09
4.96178e-09
7.53606e-09
5.18241e-09
9.34273e-09
5.49678e-09
5.15535e-09
1.67262e-09
8.81899e-09
5.69673e-09
5.96071e-09
3.46841e-09
5.18241e-09
4.58065e-09
1.05786e-09
4.16478e-09
2.36544e-09
7.73755e-09
4.78964e-09
6.28067e-09
6.32506e-09
9.43213e-09
5.28928e-09
5.39403e-09
6.07692e-09
7.03693e-09
7.49884e-09
3.92263e-09
6.25836e-09
5.9372e-09
8.32956e-09
2.94494e-09
5.12814e-09
5.34191e-09
6.12278e-09
4.36165e-09
3.74008e-09
6.89637e-09
7.42385e-09
6.49957e-09
4.32946e-09
7.93392e-09
6.07692e-09
9.11538e-09
5.98413e-09
7.32904e-09
4.64132e-09
5.67212e-09
9.00731e-09
5.91359e-09
3.12918e-09
6.23597e-09
4.64132e-09
4.93351e-09
7.7556e-09
5.04565e-09
6.1683e-09
5.39403e-09
4.90507e-09
5.6474e-09
4.09706e-09
7.30993e-09
4.67136e-09
5.23612e-09
5.47127e-09
4.64132e-09
4.58065e-09
4.64132e-09
5.81821e-09
7.59154e-09
5.6474e-09
8.88221e-09
7.11599e-09
3.30315e-09
6.12278e-09
3.95813e-09
4.06277e-09
4.36165e-09
5.74563e-09
8.5287e-09
6.60631e-09
5.47127e-09
6.89637e-09
6.54247e-09
5.44564e-09
5.39403e-09
3.70249e-09
6.45639e-09
5.0733e-09
3.50851e-09
5.04565e-09
3.88681e-09
3.50851e-09
6.1683e-09
4.76035e-09
4.87647e-09
5.01785e-09
4.61109e-09
6.00746e-09
7.93392e-09
4.19823e-09
1.97907e-09
3.42784e-09
7.88085e-09
4.36165e-09
5.18241e-09
6.87606e-09
4.67136e-09
5.69673e-09
4.3936e-09
3.46841e-09
5.15535e-09
5.5726e-09
3.7773e-09
4.70121e-09
4.23142e-09
4.58065e-09
4.81876e-09
6.91663e-09
4.76035e-09
5.8422e-09
3.50851e-09
4.3936e-09
3.7773e-09
7.48017e-10
6.14558e-09
8.75531e-09
7.48017e-10
5.9372e-09
4.16478e-09
3.88681e-09
5.62258e-09
7.5546e-09
4.78964e-09
6.07692e-09
6.5851e-09
4.64132e-09
3.30315e-09
5.12814e-09
5.26276e-09
5.44564e-09
4.09706e-09
4.3936e-09
6.56382e-09
4.45682e-09
4.45682e-09
4.09706e-09
4.26435e-09
4.32946e-09
6.69047e-09
5.34191e-09
6.09989e-09
4.76035e-09
6.5851e-09
6.66952e-09
4.93351e-09
4.78964e-09
6.89637e-09
4.4881e-09
6.05385e-09
4.96178e-09
4.70121e-09
3.62615e-09
5.28928e-09
3.54816e-09
7.07657e-09
6.00746e-09
7.48017e-10
6.32506e-09
5.54744e-09
6.41291e-09
3.92263e-09
5.28928e-10
4.61109e-09
6.93682e-09
4.96178e-09
5.26276e-09
7.01702e-09
5.59764e-09
5.34191e-09
6.23597e-09
9.19178e-09
6.23597e-09
4.8477e-09
4.16478e-09
5.76992e-09
5.8422e-09
5.47127e-09
4.87647e-09
6.54247e-09
5.79411e-09
5.01785e-09
4.19823e-09
7.5546e-09
5.54744e-09
4.06277e-09
5.04565e-09
4.90507e-09
4.87647e-09
8.27903e-09
5.5726e-09
4.36165e-09
6.77358e-09
5.8422e-09
4.19823e-09
5.26276e-09
4.16478e-09
7.19419e-09
3.58736e-09
4.23142e-09
4.67136e-09
4.02819e-09
3.74008e-09
5.18241e-09
5.28928e-09
5.10079e-09
4.29703e-09
4.02819e-09
5.52217e-09
6.71134e-09
5.28928e-10
4.96178e-09
4.26435e-09
5.28928e-10
5.23612e-09
5.47127e-09
7.59154e-09
3.54816e-09
5.76992e-09
4.4881e-09
5.28928e-10
5.69673e-09
1.18272e-09
8.46284e-09
6.41291e-09
2.69701e-09
3.99332e-09
5.67212e-09
4.58065e-09
3.99332e-09
6.91663e-09
6.47802e-09
5.18241e-09
4.42533e-09
6.47802e-09
3.66452e-09
4.67136e-09
5.54744e-09
6.14558e-09
4.58065e-09
6.54247e-09
7.09631e-09
4.96178e-09
4.87647e-09
5.49678e-09
4.55001e-09
6.97704e-09
4.78964e-09
4.61109e-09
6.91663e-09
5.20933e-09
6.66952e-09
4.78964e-09
4.16478e-09
5.20933e-09
7.89858e-09
3.88681e-09
5.79411e-09
4.93351e-09
5.76992e-09
4.26435e-09
5.6474e-09
5.23612e-09
5.74563e-09
5.01785e-09
4.29703e-09
5.12814e-09
6.34713e-09
4.51916e-09
3.42784e-09
3.7773e-09
5.98413e-09
4.93351e-09
5.01785e-09
4.13106e-09
5.15535e-09
4.19823e-09
6.05385e-09
7.64662e-09
5.31566e-09
4.76035e-09
6.64852e-09
7.36711e-09
7.1552e-09
5.79411e-09
6.52106e-09
5.6474e-09
5.10079e-09
4.81876e-09
3.46841e-09
5.52217e-09
6.89637e-09
5.28928e-10
6.60631e-09
8.07373e-09
4.29703e-09
7.71945e-09
6.14558e-09
6.1683e-09
5.74563e-09
5.69673e-09
4.3936e-09
6.25836e-09
8.19411e-09
7.49884e-09
5.96071e-09
8.14274e-09
6.05385e-09
4.29703e-09
7.21361e-09
4.06277e-09
6.14558e-09
3.95813e-09
7.60994e-09
7.07657e-09
4.55001e-09
6.36913e-09
7.17472e-09
3.46841e-09
4.23142e-09
4.81876e-09
4.23142e-09
4.96178e-09
4.26435e-09
3.62615e-09
5.28928e-10
4.64132e-09
4.70121e-09
4.42533e-09
4.76035e-09
5.36803e-09
5.8422e-09
5.31566e-09
3.66452e-09
6.19094e-09
6.0307e-09
6.66952e-09
4.64132e-09
4.16478e-09
5.34191e-09
3.70249e-09
5.5726e-09
5.26276e-09
5.12814e-09
7.46144e-09
4.73087e-09
7.46144e-09
6.0307e-09
5.15535e-09
5.31566e-09
4.98989e-09
4.76035e-09
4.61109e-09
4.06277e-09
7.30993e-09
5.04565e-09
3.92263e-09
6.52106e-09
6.95696e-09
5.76992e-09
4.06277e-09
4.76035e-09
5.69673e-09
4.93351e-09
5.20933e-09
5.18241e-09
6.89637e-09
5.9372e-09
4.55001e-09
5.31566e-09
3.81415e-09
4.98989e-09
4.4881e-09
4.42533e-09
8.41311e-09
8.14274e-09
6.28067e-09
4.90507e-09
8.12554e-09
6.77358e-09
6.25836e-09
4.29703e-09
6.62745e-09
4.19823e-09
8.10831e-09
4.42533e-09
3.46841e-09
3.99332e-09
5.10079e-09
5.72123e-09
7.95153e-09
5.52217e-09
4.81876e-09
6.95696e-09
4.32946e-09
5.86609e-09
6.32506e-09
6.39106e-09
6.66952e-09
4.02819e-09
6.47802e-09
6.28067e-09
7.98663e-09
4.78964e-09
5.98413e-09
4.19823e-09
6.23597e-09
4.61109e-09
6.81476e-09
4.16478e-09
3.92263e-09
4.51916e-09
7.09631e-09
6.56382e-09
9.00731e-09
4.8477e-09
4.26435e-09
3.74008e-09
5.01785e-09
8.34634e-09
5.28928e-10
4.90507e-09
4.61109e-09
3.95813e-09
7.89858e-09
5.47127e-09
5.6474e-09
1.97907e-09
6.95696e-09
4.55001e-09
5.20933e-09
4.98989e-09
4.36165e-09
3.42784e-09
6.56382e-09
6.1683e-09
4.55001e-09
4.58065e-09
4.61109e-09
4.67136e-09
5.76992e-09
3.54816e-09
6.21349e-09
7.05678e-09
4.42533e-09
5.34191e-09
5.26276e-09
5.26276e-09
4.19823e-09
5.79411e-09
2.48089e-09
3.92263e-09
4.8477e-09
6.25836e-09
5.74563e-09
4.4881e-09
7.86308e-09
5.4199e-09
4.16478e-09
6.43468e-09
4.06277e-09
1.39941e-09
5.88989e-09
5.10079e-09
5.86609e-09
5.49678e-09
5.31566e-09
4.87647e-09
7.36711e-09
3.92263e-09
6.28067e-09
3.88681e-09
4.4881e-09
4.51916e-09
5.36803e-09
4.26435e-09
5.31566e-09
5.96071e-09
5.62258e-09
4.29703e-09
5.34191e-09
5.15535e-09
3.92263e-09
4.73087e-09
5.15535e-09
5.6474e-09
5.86609e-09
7.7013e-09
5.91359e-09
6.1683e-09
6.77358e-09
2.24405e-09
6.34713e-09
3.81415e-09
8.54509e-09
4.4881e-09
4.90507e-09
7.1552e-09
6.69047e-09
7.91627e-09
6.41291e-09
4.26435e-09
5.47127e-09
6.73215e-09
4.8477e-09
8.24517e-09
4.45682e-09
5.74563e-09
7.05678e-09
4.61109e-09
5.04565e-09
4.16478e-09
3.85065e-09
4.02819e-09
4.90507e-09
8.05639e-09
4.90507e-09
4.16478e-09
5.91359e-09
8.59406e-09
4.87647e-09
7.7013e-09
3.7773e-09
4.32946e-09
1.49603e-09
4.51916e-09
4.70121e-09
4.4881e-09
5.0733e-09
5.59764e-09
5.91359e-09
6.12278e-09
5.52217e-09
6.62745e-09
4.55001e-09
4.87647e-09
5.28928e-10
4.58065e-09
5.10079e-09
5.18241e-09
4.29703e-09
3.88681e-09
4.58065e-09
5.4199e-09
4.13106e-09
6.66952e-09
4.98989e-09
4.87647e-09
6.05385e-09
3.70249e-09
4.58065e-09
7.3481e-09
4.23142e-09
7.88085e-09
1.75425e-09
4.87647e-09
4.26435e-09
6.89637e-09
8.03901e-09
7.3481e-09
4.8477e-09
6.05385e-09
5.47127e-09
6.36913e-09
3.42784e-09
8.24517e-09
4.93351e-09
4.4881e-09
5.76992e-09
3.42784e-09
5.44564e-09
5.20933e-09
5.18241e-09
5.01785e-09
4.13106e-09
4.51916e-09
6.52106e-09
5.52217e-09
6.28067e-09
6.05385e-09
5.15535e-09
5.74563e-09
7.7556e-09
5.0733e-09
6.1683e-09
5.54744e-09
6.00746e-09
3.74008e-09
5.20933e-09
5.79411e-09
3.95813e-09
4.73087e-09
6.77358e-09
8.05639e-09
3.7773e-09
1.2956e-09
4.45682e-09
6.69047e-09
8.09104e-09
4.3936e-09
5.91359e-09
5.96071e-09
5.86609e-09
4.64132e-09
4.45682e-09
5.34191e-09
4.87647e-09
5.0733e-09
5.18241e-09
4.32946e-09
7.46144e-09
7.3481e-09
2.99207e-09
5.47127e-09
4.45682e-09
6.87606e-09
6.21349e-09
6.73215e-09
6.28067e-09
6.62745e-09
4.16478e-09
6.99706e-09
7.38607e-09
5.81821e-09
5.98413e-09
4.09706e-09
6.47802e-09
4.93351e-09
6.00746e-09
6.39106e-09
6.23597e-09
1.18272e-09
5.4199e-09
5.28928e-10
4.70121e-09
5.31566e-09
5.28928e-10
6.81476e-09
8.54509e-09
8.49584e-09
5.44564e-09
5.15535e-09
4.26435e-09
5.39403e-09
4.29703e-09
2.79882e-09
5.04565e-09
5.54744e-09
7.66489e-09
4.09706e-09
6.45639e-09
4.8477e-09
4.64132e-09
5.59764e-09
3.81415e-09
6.62745e-09
4.64132e-09
4.45682e-09
5.6474e-09
6.62745e-09
4.67136e-09
3.46841e-09
3.92263e-09
8.03901e-09
5.10079e-09
5.5726e-09
4.90507e-09
4.09706e-09
4.64132e-09
4.55001e-09
7.17472e-09
4.81876e-09
5.96071e-09
4.76035e-09
6.0307e-09
4.70121e-09
5.26276e-09
5.79411e-09
5.23612e-09
5.28928e-10
1.02426e-08
5.10079e-09
4.73087e-09
4.4881e-09
4.87647e-09
6.83525e-09
5.72123e-09
6.19094e-09
8.62655e-09
5.18241e-09
4.23142e-09
8.19411e-09
7.84527e-09
5.52217e-09
6.00746e-09
4.73087e-09
4.4881e-09
6.3029e-09
6.21349e-09
4.98989e-09
7.07657e-09
4.45682e-09
5.72123e-09
6.41291e-09
5.10079e-09
5.52217e-09
4.19823e-09
8.29591e-09
3.66452e-09
8.19411e-09
5.4199e-09
6.21349e-09
4.36165e-09
4.4881e-09
3.7773e-09
4.19823e-09
6.00746e-09
5.01785e-09
5.31566e-09
5.34191e-09
8.36308e-09
5.12814e-09
3.81415e-09
5.28928e-09
3.81415e-09
6.41291e-09
4.13106e-09
4.32946e-09
4.58065e-09
6.23597e-09
5.31566e-09
5.54744e-09
6.95696e-09
5.72123e-09
5.28928e-10
5.59764e-09
4.8477e-09
5.5726e-09
6.62745e-09
7.13563e-09
7.73755e-09
6.1683e-09
5.04565e-09
4.76035e-09
4.67136e-09
5.39403e-09
4.58065e-09
6.00746e-09
5.18241e-09
5.28928e-10
4.19823e-09
5.04565e-09
5.28928e-10
5.8422e-09
5.76992e-09
6.66952e-09
9.1613e-09
3.70249e-09
4.98989e-09
8.42972e-09
4.19823e-09
5.88989e-09
1.49603e-09
6.47802e-09
6.25836e-09
5.9372e-09
3.46841e-09
7.32904e-09
5.31566e-09
6.69047e-09
5.26276e-09
5.4199e-09
5.4199e-09
8.46284e-09
5.91359e-09
5.34191e-09
4.13106e-09
6.25836e-09
3.17357e-09
6.7942e-09
4.96178e-09
4.19823e-09
6.14558e-09
3.99332e-09
4.78964e-09
1.18272e-09
6.14558e-09
5.20933e-09
7.7013e-09
5.28928e-09
4.58065e-09
5.49678e-09
4.06277e-09
5.01785e-09
5.91359e-09
5.18241e-09
4.8477e-09
4.81876e-09
6.60631e-09
4.58065e-09
5.72123e-09
8.64275e-09
8.67506e-09
6.95696e-09
4.70121e-09
6.05385e-09
5.54744e-09
4.73087e-09
4.16478e-09
3.38679e-09
6.21349e-09
4.70121e-09
6.60631e-09
5.34191e-09
6.95696e-09
6.85569e-09
4.78964e-09
5.88989e-09
9.49127e-09
5.18241e-09
5.8422e-09
6.99706e-09
4.19823e-09
6.05385e-09
5.88989e-09
6.45639e-09
3.42784e-09
5.31566e-09
6.14558e-09
5.72123e-09
5.69673e-09
4.81876e-09
5.12814e-09
5.26276e-09
6.19094e-09
4.06277e-09
3.85065e-09
3.92263e-09
3.66452e-09
4.8477e-09
5.49678e-09
5.91359e-09
6.54247e-09
5.98413e-09
5.88989e-09
4.8477e-09
7.3481e-09
7.86308e-09
4.93351e-09
5.44564e-09
5.39403e-09
6.09989e-09
4.3936e-09
4.3936e-09
6.00746e-09
5.54744e-09
4.61109e-09
5.54744e-09
5.36803e-09
5.67212e-09
4.13106e-09
5.28928e-10
6.3029e-09
5.49678e-09
5.28928e-09
4.70121e-09
5.62258e-09
5.91359e-09
4.29703e-09
9.05378e-09
3.95813e-09
6.1683e-09
7.11599e-09
9.11538e-09
5.18241e-09
3.85065e-09
4.36165e-09
5.01785e-09
5.9372e-09
4.45682e-09
4.19823e-09
5.9372e-09
5.28928e-09
5.28928e-09
6.49957e-09
6.73215e-09
7.17472e-09
3.99332e-09
6.23597e-09
7.91627e-09
5.15535e-09
6.95696e-09
4.19823e-09
4.19823e-09
3.85065e-09
5.62258e-09
6.09989e-09
7.64662e-09
5.52217e-09
4.58065e-09
3.08415e-09
6.23597e-09
6.21349e-09
7.11599e-09
5.67212e-09
2.99207e-09
4.73087e-09
6.5851e-09
4.02819e-09
6.71134e-09
5.28928e-10
4.96178e-09
5.0733e-09
3.50851e-09
9.1613e-10
6.3029e-09
4.70121e-09
6.47802e-09
5.5726e-09
5.23612e-09
1.05786e-09
5.8422e-09
5.54744e-09
5.91359e-09
5.4199e-09
8.46284e-09
4.32946e-09
6.54247e-09
5.67212e-09
6.45639e-09
7.27155e-09
5.9372e-09
6.19094e-09
6.09989e-09
4.93351e-09
6.34713e-09
4.45682e-09
6.32506e-09
3.54816e-09
5.62258e-09
6.09989e-09
4.78964e-09
4.58065e-09
5.10079e-09
7.21361e-09
4.29703e-09
6.1683e-09
5.8422e-09
3.66452e-09
5.81821e-09
5.12814e-09
5.36803e-09
4.67136e-09
3.08415e-09
5.28928e-10
5.15535e-09
6.73215e-09
4.51916e-09
5.54744e-09
4.64132e-09
7.59154e-09
5.15535e-09
3.85065e-09
8.51229e-09
5.44564e-09
5.15535e-09
4.98989e-09
4.70121e-09
5.49678e-09
6.34713e-09
5.10079e-09
8.14274e-09
3.46841e-09
6.25836e-09
4.98989e-09
4.58065e-09
4.98989e-09
5.0733e-09
7.09631e-09
5.23612e-09
6.49957e-09
4.29703e-09
8.19411e-09
4.73087e-09
7.13563e-09
6.71134e-09
7.3481e-09
5.5726e-09
4.23142e-09
2.04853e-09
7.51748e-09
5.59764e-09
9.1613e-10
7.9691e-09
5.12814e-09
5.54744e-09
6.54247e-09
4.73087e-09
4.61109e-09
6.34713e-09
3.66452e-09
5.88989e-09
6.95696e-09
4.76035e-09
5.81821e-09
5.34191e-09
4.4881e-09
3.88681e-09
5.62258e-09
8.83483e-09
8.4463e-09
4.8477e-09
5.76992e-09
5.91359e-09
5.67212e-09
6.09989e-09
4.96178e-09
4.70121e-09
5.62258e-09
3.92263e-09
5.49678e-09
9.10002e-09
4.3936e-09
7.7013e-09
4.78964e-09
5.96071e-09
6.1683e-09
4.76035e-09
4.67136e-09
6.34713e-09
7.17472e-09
4.26435e-09
4.3936e-09
5.04565e-09
6.66952e-09
5.39403e-09
5.54744e-09
5.98413e-09
4.29703e-09
7.42385e-09
4.8477e-09
6.56382e-09
4.90507e-09
3.95813e-09
4.67136e-09
2.59121e-09
5.18241e-09
5.86609e-09
6.62745e-09
5.96071e-09
9.73859e-09
6.99706e-09
5.26276e-09
6.25836e-09
5.31566e-09
5.0733e-09
6.43468e-09
5.4199e-09
5.74563e-09
5.20933e-09
3.74008e-09
4.55001e-09
5.88989e-09
5.15535e-09
3.74008e-09
6.56382e-09
5.49678e-09
6.5851e-09
6.21349e-09
3.95813e-09
4.96178e-09
5.79411e-09
4.02819e-09
6.93682e-09
6.52106e-09
5.98413e-09
5.74563e-09
2.04853e-09
9.623e-09
4.42533e-09
7.80952e-09
4.70121e-09
5.79411e-09
4.98989e-09
4.87647e-09
5.28928e-10
8.41311e-09
7.27155e-09
8.22818e-09
6.62745e-09
5.88989e-09
6.71134e-09
5.69673e-09
6.05385e-09
4.87647e-09
4.09706e-09
4.67136e-09
5.04565e-09
3.54816e-09
5.15535e-09
5.26276e-09
8.51229e-09
1.18272e-09
3.92263e-09
7.59154e-09
7.44267e-09
4.8477e-09
8.1599e-09
5.5726e-09
4.8477e-09
1.75425e-09
5.98413e-09
3.58736e-09
6.93682e-09
5.9372e-09
6.77358e-09
7.19419e-09
5.12814e-09
9.35769e-09
7.19419e-09
5.5726e-09
5.28928e-09
4.67136e-09
3.08415e-09
3.62615e-09
4.98989e-09
5.4199e-09
4.4881e-09
4.09706e-09
6.05385e-09
7.84527e-09
4.73087e-09
3.50851e-09
5.98413e-09
6.89637e-09
5.39403e-09
7.3481e-09
5.26276e-09
5.26276e-09
6.19094e-09
4.76035e-09
6.69047e-09
5.15535e-09
7.40499e-09
4.78964e-09
5.59764e-09
1.97907e-09
3.92263e-09
5.69673e-09
7.36711e-09
4.19823e-09
5.47127e-09
4.61109e-09
3.7773e-09
4.3936e-09
4.78964e-09
4.58065e-09
4.13106e-09
6.52106e-09
4.09706e-09
4.55001e-09
4.93351e-09
7.49884e-09
4.87647e-09
7.59154e-09
5.01785e-09
4.78964e-09
5.36803e-09
5.4199e-09
5.15535e-09
6.64852e-09
5.34191e-09
6.19094e-09
3.46841e-09
8.94498e-09
4.3936e-09
2.04853e-09
5.04565e-09
7.60994e-09
4.93351e-09
5.96071e-09
4.4881e-09
3.58736e-09
3.50851e-09
6.77358e-09
7.82742e-09
7.17472e-09
6.3029e-09
5.0733e-09
4.09706e-09
5.44564e-09
5.28928e-10
5.01785e-09
5.34191e-09
4.26435e-09
4.06277e-09
4.09706e-09
5.12814e-09
6.56382e-09
7.23298e-09
6.14558e-09
4.4881e-09
5.52217e-09
9.17655e-09
5.31566e-09
5.59764e-09
6.3029e-09
5.34191e-09
4.96178e-09
7.13563e-09
4.06277e-09
6.81476e-09
7.7556e-09
4.67136e-09
7.19419e-09
5.39403e-09
5.6474e-09
4.55001e-09
4.02819e-09
4.90507e-09
7.17472e-09
7.71945e-09
7.5546e-09
4.16478e-09
7.07657e-09
5.39403e-09
7.19419e-09
5.23612e-09
4.8477e-09
5.18241e-09
3.95813e-09
1.97907e-09
5.79411e-09
5.10079e-09
4.96178e-09
4.09706e-09
4.76035e-09
4.70121e-09
5.23612e-09
5.52217e-09
4.93351e-09
4.09706e-09
6.19094e-09
4.98989e-09
3.92263e-09
3.92263e-09
4.73087e-09
5.12814e-09
5.04565e-09
7.42385e-09
3.7773e-09
3.46841e-09
7.46144e-09
5.26276e-09
4.19823e-09
4.58065e-09
4.42533e-09
6.77358e-09
5.34191e-09
6.89637e-09
7.03693e-09
4.36165e-09
5.10079e-09
5.62258e-09
6.87606e-09
7.7556e-09
4.67136e-09
4.16478e-09
4.3936e-09
4.02819e-09
7.48017e-10
7.71945e-09
4.8477e-09
5.28928e-10
4.45682e-09
6.0307e-09
6.1683e-09
4.61109e-09
4.45682e-09
6.43468e-09
6.12278e-09
4.76035e-09
6.77358e-09
1.97907e-09
7.6283e-09
4.61109e-09
6.7942e-09
4.96178e-09
5.54744e-09
5.10079e-09
6.23597e-09
4.4881e-09
4.3936e-09
6.21349e-09
4.96178e-09
6.19094e-09
4.42533e-09
4.23142e-09
5.4199e-09
5.6474e-09
5.15535e-09
6.23597e-09
4.3936e-09
4.73087e-09
5.74563e-09
4.81876e-09
5.8422e-09
6.99706e-09
6.39106e-09
3.88681e-09
5.69673e-09
4.32946e-09
4.19823e-09
4.78964e-09
5.69673e-09
5.91359e-09
3.58736e-09
5.47127e-09
4.4881e-09
4.19823e-09
5.47127e-09
6.39106e-09
4.90507e-09
5.72123e-09
5.23612e-09
5.72123e-09
6.12278e-09
5.9372e-09
7.46144e-09
3.7773e-09
4.93351e-09
4.09706e-09
5.49678e-09
5.28928e-10
4.02819e-09
5.01785e-09
5.74563e-09
5.5726e-09
3.08415e-09
4.55001e-09
5.20933e-09
3.74008e-09
6.71134e-09
6.7942e-09
8.07373e-09
5.74563e-09
5.86609e-09
5.5726e-09
5.96071e-09
7.44267e-09
5.44564e-09
3.7773e-09
5.15535e-09
7.44267e-09
8.1599e-09
6.00746e-09
6.45639e-09
7.86308e-09
4.23142e-09
5.52217e-09
4.93351e-09
7.11599e-09
5.26276e-09
7.5546e-09
3.70249e-09
6.3029e-09
4.73087e-09
6.73215e-09
4.8477e-09
3.92263e-09
4.96178e-09
3.81415e-09
4.06277e-09
5.59764e-09
4.02819e-09
5.76992e-09
4.90507e-09
4.96178e-09
3.58736e-09
5.49678e-09
5.98413e-09
4.45682e-09
5.86609e-09
8.03901e-09
4.36165e-09
4.29703e-09
6.14558e-09
6.1683e-09
8.32956e-09
3.62615e-09
5.0733e-09
6.09989e-09
3.58736e-09
5.72123e-09
5.47127e-09
5.47127e-09
4.29703e-09
5.74563e-09
4.26435e-09
4.45682e-09
6.32506e-09
5.0733e-09
4.55001e-09
6.19094e-09
3.54816e-09
7.6283e-09
6.56382e-09
5.49678e-09
6.32506e-09
6.14558e-09
5.81821e-09
4.19823e-09
4.36165e-09
4.02819e-09
5.47127e-09
9.02283e-09
4.76035e-09
5.44564e-09
6.83525e-09
4.55001e-09
5.86609e-09
4.23142e-09
3.88681e-09
3.58736e-09
5.31566e-09
5.26276e-09
4.09706e-09
6.73215e-09
5.88989e-09
6.07692e-09
4.09706e-09
3.62615e-09
6.07692e-09
4.64132e-09
5.86609e-09
5.28928e-10
3.70249e-09
8.75531e-09
4.09706e-09
6.47802e-09
8.62655e-09
6.54247e-09
3.21734e-09
4.36165e-09
8.41311e-09
5.74563e-09
3.85065e-09
6.47802e-09
5.26276e-09
6.66952e-09
6.7942e-09
7.64662e-09
6.14558e-09
4.67136e-09
7.48017e-10
6.1683e-09
5.74563e-09
6.00746e-09
4.3936e-09
7.30993e-09
3.50851e-09
3.95813e-09
4.67136e-09
4.02819e-09
4.06277e-09
7.7556e-09
5.72123e-09
4.61109e-09
5.81821e-09
9.75295e-09
5.54744e-09
6.83525e-09
7.48017e-09
5.98413e-09
3.74008e-09
5.31566e-09
5.4199e-09
5.34191e-09
7.19419e-09
9.40243e-09
5.54744e-09
4.70121e-09
5.69673e-09
5.79411e-09
4.93351e-09
6.0307e-09
4.98989e-09
4.29703e-09
5.12814e-09
3.92263e-09
5.79411e-09
8.1599e-09
5.69673e-09
5.67212e-09
5.0733e-09
4.81876e-09
3.7773e-09
5.0733e-09
6.47802e-09
6.87606e-09
6.39106e-09
4.23142e-09
5.31566e-09
4.87647e-09
7.46144e-09
5.6474e-09
2.69701e-09
5.01785e-09
4.96178e-09
8.47936e-09
5.10079e-09
5.5726e-09
4.76035e-09
6.7942e-09
7.73755e-09
5.04565e-09
7.27155e-09
4.19823e-09
5.20933e-09
4.36165e-09
3.85065e-09
6.00746e-09
4.3936e-09
1.00913e-08
4.78964e-09
5.91359e-09
4.96178e-09
6.93682e-09
5.67212e-09
4.61109e-09
6.25836e-09
8.24517e-09
4.55001e-09
4.29703e-09
4.73087e-09
4.81876e-09
7.32904e-09
6.87606e-09
7.82742e-09
3.81415e-09
5.98413e-09
4.98989e-09
6.3029e-09
6.32506e-09
7.40499e-09
5.74563e-09
5.6474e-09
7.17472e-09
4.76035e-09
3.54816e-09
4.16478e-09
3.99332e-09
5.96071e-09
4.64132e-09
5.76992e-09
6.45639e-09
3.88681e-09
7.7556e-09
6.99706e-09
4.61109e-09
5.20933e-09
7.13563e-09
6.28067e-09
5.96071e-09
6.73215e-09
4.90507e-09
5.81821e-09
3.03846e-09
5.4199e-09
2.69701e-09
5.15535e-09
5.39403e-09
6.62745e-09
4.45682e-09
6.71134e-09
2.64464e-09
6.89637e-09
5.67212e-09
5.76992e-09
4.78964e-09
4.4881e-09
5.81821e-09
6.0307e-09
4.8477e-09
3.88681e-09
7.7013e-09
7.32904e-09
5.52217e-09
6.85569e-09
3.99332e-09
5.8422e-09
4.16478e-09
4.16478e-09
4.4881e-09
6.97704e-09
5.69673e-09
2.74839e-09
4.93351e-09
4.06277e-09
8.12554e-09
7.25229e-09
5.12814e-09
8.29591e-09
5.79411e-09
6.97704e-09
5.10079e-09
5.0733e-09
3.7773e-09
4.76035e-09
4.93351e-09
3.81415e-09
5.6474e-09
4.93351e-09
5.8422e-09
5.18241e-09
3.54816e-09
4.16478e-09
6.54247e-09
5.12814e-09
5.74563e-09
4.23142e-09
4.45682e-09
6.95696e-09
4.29703e-09
6.41291e-09
4.42533e-09
4.02819e-09
5.18241e-09
6.41291e-09
5.98413e-09
3.46841e-09
5.20933e-09
6.7529e-09
5.59764e-09
5.81821e-09
7.86308e-09
7.68312e-09
4.32946e-09
4.16478e-09
5.04565e-09
5.6474e-09
6.60631e-09
6.09989e-09
6.47802e-09
4.09706e-09
5.01785e-09
5.62258e-09
6.09989e-09
1.67262e-09
5.79411e-09
5.34191e-09
4.90507e-09
4.73087e-09
5.01785e-09
5.20933e-09
5.88989e-09
4.81876e-09
5.49678e-09
4.61109e-09
5.31566e-09
5.76992e-09
5.69673e-09
4.8477e-09
3.54816e-09
5.88989e-09
3.81415e-09
6.39106e-09
6.25836e-09
6.12278e-09
7.17472e-09
3.74008e-09
3.46841e-09
5.62258e-09
6.3029e-09
5.28928e-09
7.29077e-09
6.36913e-09
6.45639e-09
4.64132e-09
4.32946e-09
5.20933e-09
4.4881e-09
4.58065e-09
5.67212e-09
4.55001e-09
5.39403e-09
6.43468e-09
5.04565e-09
4.98989e-09
5.39403e-09
9.28264e-09
6.93682e-09
4.8477e-09
5.9372e-09
5.23612e-09
4.90507e-09
5.88989e-09
3.70249e-09
5.47127e-09
7.38607e-09
9.92356e-09
4.67136e-09
4.3936e-09
4.51916e-09
7.7556e-09
5.98413e-09
4.93351e-09
6.47802e-09
6.12278e-09
5.28928e-10
3.54816e-09
7.46144e-09
4.73087e-09
5.98413e-09
9.78159e-09
4.23142e-09
5.28928e-09
4.42533e-09
6.87606e-09
3.70249e-09
5.28928e-09
5.01785e-09
7.80952e-09
6.23597e-09
4.76035e-09
5.15535e-09
7.44267e-09
5.15535e-09
6.32506e-09
3.81415e-09
4.67136e-09
4.3936e-09
3.38679e-09
4.29703e-09
4.32946e-09
7.86308e-09
3.70249e-09
6.14558e-09
4.93351e-09
3.50851e-09
3.99332e-09
3.95813e-09
6.28067e-09
4.09706e-09
5.9372e-09
4.19823e-09
5.76992e-09
6.91663e-09
4.32946e-09
6.21349e-09
6.62745e-09
7.91627e-09
5.23612e-09
7.40499e-09
4.64132e-09
6.23597e-09
4.58065e-09
4.55001e-09
5.72123e-09
6.71134e-09
4.70121e-09
5.18241e-09
5.34191e-09
4.19823e-09
5.12814e-09
3.95813e-09
6.87606e-09
6.34713e-09
5.81821e-09
4.64132e-09
6.60631e-09
4.23142e-09
4.29703e-09
3.50851e-09
5.01785e-09
3.70249e-09
4.70121e-09
5.12814e-09
9.34273e-09
6.23597e-09
5.72123e-09
4.3936e-09
6.00746e-09
6.14558e-09
5.0733e-09
5.49678e-09
6.97704e-09
4.4881e-09
6.12278e-09
5.69673e-09
5.9372e-09
4.70121e-09
8.03901e-09
7.71945e-09
4.51916e-09
6.23597e-09
7.01702e-09
5.6474e-09
5.62258e-09
3.95813e-09
3.66452e-09
7.6283e-09
5.20933e-09
5.6474e-09
5.47127e-09
6.99706e-09
5.20933e-09
9.46175e-09
3.85065e-09
3.62615e-09
6.09989e-09
4.23142e-09
7.11599e-09
3.66452e-09
7.88085e-09
4.32946e-09
5.49678e-09
6.77358e-09
6.14558e-09
5.36803e-09
5.15535e-09
6.09989e-09
4.29703e-09
6.5851e-09
5.39403e-09
4.42533e-09
4.26435e-09
5.0733e-09
5.54744e-09
4.61109e-09
7.64662e-09
5.26276e-09
1.2956e-09
6.66952e-09
3.85065e-09
5.44564e-09
4.90507e-09
3.38679e-09
5.44564e-09
6.32506e-09
3.85065e-09
3.99332e-09
4.19823e-09
6.09989e-09
4.42533e-09
4.29703e-09
3.38679e-09
4.4881e-09
4.42533e-09
4.32946e-09
5.12814e-09
5.20933e-09
3.66452e-09
3.46841e-09
4.13106e-09
2.69701e-09
3.30315e-09
