4.23704e-08
5.77065e-08
3.61417e-08
6.51591e-08
5.24199e-08
2.14982e-08
3.26096e-08
4.44299e-08
4.44016e-08
2.89706e-09
4.4828e-08
3.38555e-08
3.82843e-08
2.41807e-08
2.34405e-08
7.50257e-08
3.84702e-08
2.04237e-08
2.76058e-08
2.19362e-08
1.74866e-08
2.39014e-08
3.75501e-08
5.28928e-10
5.28928e-10
1.84064e-08
5.28928e-10
5.28928e-10
5.28928e-10
5.28928e-10
5.28928e-10
4.18589e-08
4.10252e-08
6.89536e-08
2.86891e-08
1.56101e-08
2.79732e-08
3.94042e-08
3.18017e-08
3.58541e-08
1.76697e-08
1.75505e-08
5.28928e-10
3.76134e-08
3.00373e-08
1.34123e-08
3.47607e-08
5.28928e-10
2.26391e-08
3.06185e-08
3.91835e-08
2.13676e-08
2.32126e-08
1.73743e-08
5.97524e-08
5.47076e-08
2.46392e-08
4.34526e-08
3.24936e-08
3.19159e-08
3.2034e-08
2.93448e-08
3.03016e-08
4.61351e-08
3.859e-08
1.947e-08
4.76974e-08
5.91336e-08
4.25055e-08
3.50332e-08
1.60693e-08
3.02878e-08
3.99402e-08
3.96061e-08
3.03477e-08
4.39774e-08
3.56507e-08
2.81179e-08
3.1479e-08
2.94589e-08
2.91391e-08
3.02277e-08
4.23241e-08
5.28928e-10
1.45719e-08
5.28928e-10
2.5597e-08
2.30918e-08
1.77408e-08
4.19657e-08
3.24246e-08
2.80382e-08
3.03523e-08
6.14103e-08
5.28928e-10
3.0527e-08
4.79461e-08
5.28928e-10
3.21256e-08
2.8985e-08
5.28928e-10
5.28928e-10
5.28928e-10
3.27337e-08
4.14964e-08
4.5834e-08
4.61836e-08
3.50492e-08
5.28928e-10
5.28928e-10
5.28928e-10
5.28928e-10
5.28928e-10
5.28928e-10
1.8648e-08
3.03201e-08
5.28928e-10
2.3607e-08
4.19056e-08
3.64385e-08
2.52726e-08
2.64517e-08
2.34584e-08
4.28399e-08
2.78178e-08
3.558e-08
3.82477e-08
3.41926e-08
2.54436e-08
2.33328e-08
2.01687e-08
4.56566e-08
3.0655e-08
4.02854e-08
2.23029e-08
4.13004e-08
2.77775e-08
2.57767e-08
1.44563e-08
4.7288e-08
2.92541e-08
2.8567e-08
2.72847e-08
5.43382e-08
4.32073e-08
5.12733e-08
3.51448e-08
2.40531e-08
3.49813e-08
3.12739e-08
3.04582e-08
3.10179e-08
2.58959e-08
4.15099e-08
5.19939e-08
5.28928e-10
2.54216e-08
2.94684e-08
2.09244e-08
5.28928e-10
3.12023e-08
5.86585e-08
4.48155e-08
2.47638e-08
2.99207e-08
3.53552e-08
2.26638e-08
2.45653e-08
1.85728e-08
3.69796e-08
2.89126e-08
4.35266e-08
2.55478e-08
2.55861e-08
4.09193e-08
2.29032e-08
4.01567e-08
3.75017e-08
2.95963e-08
2.04237e-08
4.78555e-08
5.28928e-10
5.28928e-10
3.1964e-08
3.20427e-08
3.3872e-08
1.94196e-08
1.55022e-08
2.51505e-08
2.43996e-08
4.18388e-08
1.58414e-08
1.93547e-08
2.66519e-08
5.21712e-08
4.02889e-08
4.73265e-08
4.10183e-08
2.74278e-08
5.28928e-10
2.36307e-08
1.65412e-08
6.23327e-08
5.93131e-08
5.28928e-10
5.28928e-10
3.29892e-08
5.28928e-10
3.29764e-08
2.97566e-08
4.55523e-08
1.92605e-08
3.90548e-08
2.9278e-08
2.74482e-08
1.20382e-08
5.6181e-08
2.97472e-08
3.26995e-08
1.8177e-08
2.72898e-08
3.58385e-08
4.76329e-08
1.91293e-08
4.14829e-08
3.39463e-08
5.28928e-10
5.28928e-10
1.32549e-08
2.26391e-08
3.20951e-08
4.96347e-08
1.80998e-08
2.85719e-08
4.25318e-08
2.87379e-08
4.88249e-08
2.95632e-08
2.64887e-08
4.59437e-08
4.27974e-08
3.32089e-08
3.38307e-08
3.52641e-08
4.37574e-08
1.55022e-08
4.79577e-08
3.98279e-08
1.98048e-08
5.77477e-08
3.6246e-08
5.28928e-10
3.01303e-08
1.5628e-08
2.19998e-08
2.22716e-08
5.28928e-10
3.5517e-08
2.79732e-08
5.28928e-10
2.27254e-08
3.6496e-08
4.11919e-08
2.59498e-08
2.74023e-08
5.28928e-10
4.12733e-08
3.10179e-08
2.64781e-08
2.53168e-08
1.76221e-08
2.18339e-08
2.58418e-08
2.8611e-08
1.67512e-08
2.49102e-08
1.62941e-08
