4.29996e-08
3.05773e-08
3.09004e-08
2.74125e-08
4.48155e-08
2.97519e-08
3.97612e-08
3.38018e-08
3.58034e-08
2.62553e-08
6.70258e-08
3.32804e-08
3.23296e-08
2.67984e-08
4.18422e-08
5.42299e-08
5.3748e-08
2.74533e-08
5.63426e-08
3.75241e-08
4.43385e-08
2.59606e-08
6.58149e-08
2.89174e-08
5.89535e-08
3.46922e-08
2.14526e-08
5.28928e-10
3.17224e-08
2.66886e-08
2.53168e-08
2.68662e-08
2.90381e-08
2.60198e-08
3.82038e-08
2.52615e-08
4.08064e-08
6.5717e-08
4.63559e-08
4.98905e-08
3.21691e-08
2.33209e-08
5.00808e-08
2.57984e-08
5.83261e-08
2.66361e-08
2.45083e-08
6.11386e-08
1.88197e-08
2.96671e-08
4.29898e-08
5.40387e-08
4.59071e-08
7.4082e-08
3.57095e-08
2.12758e-08
3.1108e-08
5.28928e-10
5.28928e-10
4.73915e-08
5.28928e-10
1.99876e-08
6.35726e-08
2.82766e-08
2.86306e-08
4.03617e-08
5.28928e-10
4.538e-08
4.11681e-08
3.50093e-08
2.05807e-08
5.28928e-10
3.70249e-08
3.26182e-08
3.89041e-08
3.65955e-08
2.9944e-08
3.06732e-08
1.99034e-08
1.95632e-08
3.41394e-08
2.62126e-08
2.33269e-08
5.10162e-08
2.86404e-08
4.34526e-08
4.76123e-08
3.84047e-08
4.30776e-08
3.7311e-08
5.28928e-10
2.96294e-08
3.62383e-08
3.71494e-08
5.42531e-08
5.28928e-10
2.1348e-08
3.99332e-08
1.99315e-08
1.89309e-08
3.52045e-08
5.28928e-10
7.10301e-08
3.02831e-08
5.28928e-10
1.52107e-08
5.28928e-10
3.86516e-08
3.44372e-08
3.19684e-08
4.7674e-08
4.38213e-08
2.63881e-08
4.63891e-08
3.62074e-08
5.28928e-10
1.2427e-08
3.29679e-08
3.30865e-08
4.84424e-08
5.28928e-10
3.02693e-08
4.95586e-08
3.47808e-08
2.86355e-08
1.58149e-08
3.55878e-08
2.74329e-08
3.02647e-08
1.24495e-08
5.38052e-08
5.28928e-10
5.5618e-08
2.87427e-08
4.91704e-08
2.88399e-08
2.40531e-08
4.54047e-08
3.323e-08
4.3259e-08
2.87184e-08
3.30696e-08
4.74121e-08
2.39307e-08
5.28928e-10
4.15301e-08
3.11798e-08
2.75042e-08
2.96105e-08
2.33388e-08
1.80379e-08
5.28928e-10
2.21519e-08
3.77841e-08
5.28928e-10
5.28928e-10
5.28928e-10
1.61648e-08
5.28928e-10
5.28928e-10
5.28928e-10
3.24936e-08
5.28928e-10
5.28928e-10
5.28928e-10
5.28928e-10
5.28928e-10
5.28928e-10
5.28928e-10
5.28928e-10
2.79382e-08
5.28928e-10
2.59336e-08
4.04863e-08
7.11265e-08
4.32914e-08
3.70703e-08
3.98911e-08
1.7788e-08
4.0669e-08
4.65066e-08
3.5897e-08
3.24419e-08
2.79632e-08
3.38018e-08
1.37012e-08
2.38076e-08
4.71547e-08
3.80313e-08
2.29825e-08
2.63298e-08
2.54326e-08
2.81427e-08
3.81342e-08
2.68818e-08
6.08267e-08
5.75657e-08
3.75241e-08
2.06282e-08
4.52658e-08
3.47848e-08
2.13021e-08
3.80203e-08
4.84424e-08
4.41108e-08
3.06276e-08
2.22653e-08
3.65955e-08
3.80019e-08
4.7131e-08
3.1643e-08
3.27935e-08
2.48596e-08
4.03028e-08
2.3607e-08
3.27551e-08
2.79782e-08
3.34649e-08
2.94827e-08
2.58472e-08
2.30251e-08
5.28928e-10
5.28928e-10
5.28928e-10
5.28928e-10
5.28928e-10
5.28928e-10
5.28928e-10
5.28928e-10
5.28928e-10
5.28928e-10
5.28928e-10
5.28928e-10
5.28928e-10
5.28928e-10
