8.36308e-09
1.46007e-08
1.16364e-08
1.24943e-08
1.81462e-08
1.11828e-08
6.49957e-09
1.81153e-08
6.7942e-09
8.24517e-09
1.41036e-08
8.26212e-09
1.54841e-08
1.55202e-08
1.77329e-08
2.45539e-08
1.90561e-08
6.28067e-09
1.61734e-08
2.5383e-08
1.43787e-08
1.24831e-08
1.78194e-08
1.45335e-08
2.00226e-08
1.35678e-08
1.06182e-08
1.67262e-08
1.77487e-08
1.71881e-08
1.93619e-08
1.39741e-08
1.62166e-08
1.37012e-08
1.56548e-08
1.34123e-08
2.27193e-08
1.38938e-08
2.10245e-08
1.08784e-08
7.19419e-09
1.0801e-08
2.11108e-08
1.79602e-08
1.64053e-08
1.92896e-08
9.10002e-09
1.18508e-08
8.46284e-09
9.78159e-09
1.43592e-08
1.32338e-08
7.86308e-09
2.39131e-08
1.28149e-08
2.08306e-08
1.59382e-08
1.81153e-08
1.53844e-08
1.32126e-08
1.59118e-08
1.44853e-08
1.31276e-08
8.39647e-09
1.09169e-08
1.95846e-08
7.98663e-09
1.63455e-08
1.58149e-08
1.44175e-08
1.86255e-08
1.198e-08
1.66002e-08
1.07881e-08
1.91513e-08
1.95632e-08
9.86702e-09
1.68594e-08
1.21653e-08
1.29128e-08
1.16003e-08
1.72774e-08
1.53844e-08
7.82742e-09
7.79159e-09
2.18659e-08
1.62252e-08
1.57972e-08
2.32969e-08
1.97907e-08
1.82691e-08
2.38194e-08
1.58678e-08
1.071e-08
1.09553e-08
2.07499e-08
9.34273e-09
1.99034e-08
1.24719e-08
1.64988e-08
1.23706e-08
1.56101e-08
1.61215e-08
1.67679e-08
1.73017e-08
1.9434e-08
1.87974e-08
1.52015e-08
1.29019e-08
1.92169e-08
1.18862e-08
1.44853e-08
1.92896e-08
1.96772e-08
1.95918e-08
1.29776e-08
1.97269e-08
1.21768e-08
5.98413e-09
1.84292e-08
1.76142e-08
1.75186e-08
2.40066e-08
1.26612e-08
1.79524e-08
1.79056e-08
7.91627e-09
9.1613e-09
1.80534e-08
1.36603e-08
1.40041e-08
1.8123e-08
1.35161e-08
1.26058e-08
1.82154e-08
1.99315e-08
1.64903e-08
2.06214e-08
1.87527e-08
2.26761e-08
1.7245e-08
1.52015e-08
2.14917e-08
1.13689e-08
6.07692e-09
1.61561e-08
1.68511e-08
1.05388e-08
2.07161e-08
1.23025e-08
1.14057e-08
1.77723e-08
1.0814e-08
8.83483e-09
1.64564e-08
1.45239e-08
1.78587e-08
2.47185e-08
1.66002e-08
8.62655e-09
1.64649e-08
1.61561e-08
2.38487e-08
1.99315e-08
1.61907e-08
1.92169e-08
1.2257e-08
1.49323e-08
1.00913e-08
1.28911e-08
1.43884e-08
1.10317e-08
2.16602e-08
1.33286e-08
2.00435e-08
1.87602e-08
1.42025e-08
1.85125e-08
2.34166e-08
2.15826e-08
1.11953e-08
1.28476e-08
9.79588e-09
1.32443e-08
1.71311e-08
2.14003e-08
1.36398e-08
1.5035e-08
9.13071e-09
1.02835e-08
1.85954e-08
2.9568e-08
1.40838e-08
1.86104e-08
1.16003e-08
1.38333e-08
2.13742e-08
8.88221e-09
1.51092e-08
1.94628e-08
1.46676e-08
8.99177e-09
7.48017e-10
7.48017e-10
7.48017e-10
1.69752e-08
2.12231e-08
1.08398e-08
2.06078e-08
8.78721e-09
1.30314e-08
1.27602e-08
2.61592e-08
1.95989e-08
1.36705e-08
1.3609e-08
2.17504e-08
9.38754e-09
1.46962e-08
9.55004e-09
1.87825e-08
2.17183e-08
1.44466e-08
1.65496e-08
1.00496e-08
1.60606e-08
1.23253e-08
1.64223e-08
1.06576e-08
1.64394e-08
9.43213e-09
2.00575e-08
1.39641e-08
2.71562e-08
1.5947e-08
1.23593e-08
2.28421e-08
1.55922e-08
1.24719e-08
1.34435e-08
1.69092e-08
1.55922e-08
1.16964e-08
1.51462e-08
2.05603e-08
2.44911e-08
1.62941e-08
9.35769e-09
9.59388e-09
1.336e-08
1.17798e-08
5.20933e-09
2.24405e-09
1.27053e-08
1.74706e-08
1.50721e-08
1.10317e-08
2.22401e-08
1.34954e-08
1.69505e-08
1.59294e-08
1.69174e-08
1.40241e-08
1.00913e-08
1.42418e-08
1.33914e-08
1.54117e-08
1.32654e-08
2.19744e-08
1.62683e-08
1.65242e-08
1.73823e-08
2.15177e-08
1.9333e-08
8.47936e-09
1.3117e-08
1.03513e-08
8.64275e-09
2.97331e-08
1.52474e-08
1.43397e-08
1.67178e-08
1.73017e-08
1.55112e-08
1.72044e-08
1.05786e-08
1.69339e-08
1.88865e-08
1.64053e-08
1.24382e-08
2.10245e-08
2.30372e-08
9.35769e-09
1.03513e-08
1.37216e-08
8.47936e-09
1.30314e-08
8.31275e-09
1.57439e-08
1.94124e-08
6.83525e-09
1.09681e-08
1.92605e-08
6.00746e-09
1.12824e-08
2.4571e-08
1.61648e-08
7.11599e-09
1.4054e-08
1.96986e-08
6.64852e-09
2.01479e-08
6.47802e-09
1.65242e-08
8.78721e-09
9.41729e-09
1.80146e-08
1.8177e-08
2.09778e-08
2.74839e-09
9.17655e-09
1.58766e-08
8.39647e-09
1.87079e-08
1.54932e-08
1.02835e-08
1.57617e-08
1.44756e-08
1.47911e-08
1.97836e-08
1.40739e-08
1.8618e-08
1.3276e-08
1.23025e-08
1.6354e-08
1.86255e-08
1.15761e-08
1.62597e-08
1.54117e-08
1.10823e-08
1.49977e-08
1.75744e-08
1.34018e-08
2.12561e-08
1.44175e-08
1.4951e-08
1.91001e-08
1.84064e-08
1.16724e-08
8.80311e-09
8.41311e-09
1.35265e-08
1.15398e-08
1.3117e-08
1.9144e-08
1.92533e-08
1.24495e-08
1.93547e-08
1.78273e-08
1.54026e-08
1.20266e-08
9.85283e-09
1.39541e-08
1.9246e-08
6.19094e-09
1.49135e-08
6.95696e-09
1.38736e-08
1.51923e-08
7.71945e-09
1.18626e-08
1.54026e-08
6.69047e-09
1.64734e-08
1.31808e-08
1.27053e-08
9.86702e-09
1.94915e-08
1.52474e-08
1.1839e-08
2.08642e-08
9.46175e-09
1.7968e-08
1.02699e-08
1.0229e-08
1.59557e-08
1.25279e-08
1.24831e-08
1.9012e-08
1.07751e-08
1.25167e-08
1.41531e-08
2.2133e-08
1.65749e-08
7.44267e-09
1.8842e-08
1.22684e-08
5.12814e-09
1.5035e-08
9.73859e-09
1.49416e-08
1.10696e-08
1.36192e-08
1.53115e-08
1.85502e-08
1.43592e-08
1.49323e-08
7.40499e-09
1.4639e-08
1.61475e-08
2.22716e-08
2.33808e-08
2.21961e-08
1.14057e-08
1.40041e-08
8.49584e-09
1.37623e-08
1.53024e-08
9.14602e-09
1.65073e-08
8.9606e-09
1.57173e-08
1.30528e-08
1.69092e-08
9.60845e-09
1.47911e-08
1.87751e-08
9.9938e-09
1.69587e-08
1.43689e-08
1.51369e-08
1.27273e-08
1.43884e-08
7.82742e-09
1.3339e-08
1.87825e-08
1.78116e-08
1.30206e-08
1.44272e-08
1.94196e-08
1.14547e-08
1.336e-08
1.85427e-08
1.15156e-08
1.25502e-08
1.45142e-08
1.48571e-08
2.36485e-08
1.34539e-08
1.67094e-08
1.20614e-08
1.63455e-08
1.127e-08
1.84595e-08
1.9826e-08
1.25613e-08
1.32654e-08
2.13545e-08
2.04032e-08
1.34539e-08
1.9275e-08
2.59714e-08
2.10311e-08
5.62258e-09
1.56638e-08
1.41036e-08
1.70492e-08
1.1418e-08
1.99736e-08
1.1839e-08
1.3924e-08
1.61215e-08
1.48571e-08
1.12824e-08
1.50721e-08
8.80311e-09
1.44175e-08
1.92533e-08
1.43494e-08
1.21998e-08
1.29128e-08
1.35368e-08
1.07361e-08
1.12824e-08
7.36711e-09
1.88939e-08
1.63626e-08
2.04648e-08
7.32904e-09
1.9275e-08
1.19214e-08
1.87676e-08
1.93692e-08
1.59995e-08
8.65892e-09
1.49323e-08
1.26943e-08
1.81153e-08
1.18744e-08
1.46007e-08
2.22904e-08
1.94484e-08
2.01479e-08
1.08269e-08
1.03378e-08
2.50725e-08
1.89161e-08
1.34643e-08
2.11835e-08
1.99315e-08
1.35678e-08
9.32774e-09
1.99876e-08
1.00496e-08
1.81076e-08
1.44175e-08
2.16925e-08
1.3924e-08
1.9246e-08
1.72531e-08
1.49416e-08
1.30421e-08
1.8842e-08
1.75505e-08
1.08398e-08
1.98471e-08
1.2956e-08
1.73178e-08
2.13086e-08
1.6078e-08
1.61734e-08
1.17203e-08
1.2628e-08
1.82614e-08
1.13566e-08
1.35781e-08
1.11577e-08
1.16724e-08
1.25167e-08
8.57777e-09
9.5207e-09
9.88119e-09
7.77362e-09
7.17472e-09
6.34713e-09
